{
 "cells": [
  {
   "cell_type": "markdown",
   "metadata": {},
   "source": [
    "# MACHINE LEARNING: CLASSIFICATION"
   ]
  },
  {
   "cell_type": "markdown",
   "metadata": {},
   "source": [
    "## IMPORT LIBRARIES"
   ]
  },
  {
   "cell_type": "code",
   "execution_count": 1,
   "metadata": {},
   "outputs": [],
   "source": [
    "import pandas as pd\n",
    "import numpy as py\n",
    "import matplotlib.pyplot as plt\n",
    "import seaborn as sns\n",
    "import os"
   ]
  },
  {
   "cell_type": "markdown",
   "metadata": {},
   "source": [
    "## IMPORT DATA FOR CLASSIFICATION"
   ]
  },
  {
   "cell_type": "code",
   "execution_count": 2,
   "metadata": {},
   "outputs": [],
   "source": [
    "# function to download data\n",
    "def DownloadData(url=''):\n",
    "    if url=='': return\n",
    "    data = pd.DataFrame()\n",
    "    try:\n",
    "        data = pd.read_csv(url)\n",
    "        print('Data downloaded!')\n",
    "    except OSError:\n",
    "        print('Network Connection Error!') \n",
    "    return data\n",
    "# ---\n",
    "\n",
    "\n",
    "# function to import data\n",
    "def importData(file='',url=''):\n",
    "    if url == '' and file == '': return\n",
    "    data = pd.DataFrame()\n",
    "    try:\n",
    "        data = pd.read_excel(file)\n",
    "        if not data.empty:\n",
    "            print('File loaded!')\n",
    "        else: \n",
    "            data = DownloadData(url)\n",
    "    except FileNotFoundError:\n",
    "        data = DownloadData(url)\n",
    "    finally:\n",
    "        if not data.empty:\n",
    "            if data.to_excel(file,index=False):\n",
    "                print('File Saved!')\n",
    "        else: print('File not Saved!')\n",
    "    return data\n",
    "#----             "
   ]
  },
  {
   "cell_type": "code",
   "execution_count": 3,
   "metadata": {},
   "outputs": [
    {
     "name": "stdout",
     "output_type": "stream",
     "text": [
      "File loaded!\n"
     ]
    }
   ],
   "source": [
    "# define files and path\n",
    "url       = 'https://archive.ics.uci.edu/ml/machine-learning-databases/00471/Data_for_UCI_named.csv'\n",
    "folder    = r'Datasets'\n",
    "file_name = 'dataset.xlsx'\n",
    "file_dir  = folder+'/'+ file_name\n",
    "# Create file directory\n",
    "os.makedirs(os.path.dirname(file_dir),exist_ok=True)\n",
    "\n",
    "# Import dataset\n",
    "df = importData(file_dir,url)"
   ]
  },
  {
   "cell_type": "markdown",
   "metadata": {},
   "source": [
    "## Explore Data"
   ]
  },
  {
   "cell_type": "code",
   "execution_count": 4,
   "metadata": {},
   "outputs": [
    {
     "data": {
      "text/html": [
       "<div>\n",
       "<style scoped>\n",
       "    .dataframe tbody tr th:only-of-type {\n",
       "        vertical-align: middle;\n",
       "    }\n",
       "\n",
       "    .dataframe tbody tr th {\n",
       "        vertical-align: top;\n",
       "    }\n",
       "\n",
       "    .dataframe thead th {\n",
       "        text-align: right;\n",
       "    }\n",
       "</style>\n",
       "<table border=\"1\" class=\"dataframe\">\n",
       "  <thead>\n",
       "    <tr style=\"text-align: right;\">\n",
       "      <th></th>\n",
       "      <th>tau1</th>\n",
       "      <th>tau2</th>\n",
       "      <th>tau3</th>\n",
       "      <th>tau4</th>\n",
       "      <th>p1</th>\n",
       "      <th>p2</th>\n",
       "      <th>p3</th>\n",
       "      <th>p4</th>\n",
       "      <th>g1</th>\n",
       "      <th>g2</th>\n",
       "      <th>g3</th>\n",
       "      <th>g4</th>\n",
       "      <th>stab</th>\n",
       "      <th>stabf</th>\n",
       "    </tr>\n",
       "  </thead>\n",
       "  <tbody>\n",
       "    <tr>\n",
       "      <th>0</th>\n",
       "      <td>2.959060</td>\n",
       "      <td>3.079885</td>\n",
       "      <td>8.381025</td>\n",
       "      <td>9.780754</td>\n",
       "      <td>3.763085</td>\n",
       "      <td>-0.782604</td>\n",
       "      <td>-1.257395</td>\n",
       "      <td>-1.723086</td>\n",
       "      <td>0.650456</td>\n",
       "      <td>0.859578</td>\n",
       "      <td>0.887445</td>\n",
       "      <td>0.958034</td>\n",
       "      <td>0.055347</td>\n",
       "      <td>unstable</td>\n",
       "    </tr>\n",
       "    <tr>\n",
       "      <th>1</th>\n",
       "      <td>9.304097</td>\n",
       "      <td>4.902524</td>\n",
       "      <td>3.047541</td>\n",
       "      <td>1.369357</td>\n",
       "      <td>5.067812</td>\n",
       "      <td>-1.940058</td>\n",
       "      <td>-1.872742</td>\n",
       "      <td>-1.255012</td>\n",
       "      <td>0.413441</td>\n",
       "      <td>0.862414</td>\n",
       "      <td>0.562139</td>\n",
       "      <td>0.781760</td>\n",
       "      <td>-0.005957</td>\n",
       "      <td>stable</td>\n",
       "    </tr>\n",
       "    <tr>\n",
       "      <th>2</th>\n",
       "      <td>8.971707</td>\n",
       "      <td>8.848428</td>\n",
       "      <td>3.046479</td>\n",
       "      <td>1.214518</td>\n",
       "      <td>3.405158</td>\n",
       "      <td>-1.207456</td>\n",
       "      <td>-1.277210</td>\n",
       "      <td>-0.920492</td>\n",
       "      <td>0.163041</td>\n",
       "      <td>0.766689</td>\n",
       "      <td>0.839444</td>\n",
       "      <td>0.109853</td>\n",
       "      <td>0.003471</td>\n",
       "      <td>unstable</td>\n",
       "    </tr>\n",
       "    <tr>\n",
       "      <th>3</th>\n",
       "      <td>0.716415</td>\n",
       "      <td>7.669600</td>\n",
       "      <td>4.486641</td>\n",
       "      <td>2.340563</td>\n",
       "      <td>3.963791</td>\n",
       "      <td>-1.027473</td>\n",
       "      <td>-1.938944</td>\n",
       "      <td>-0.997374</td>\n",
       "      <td>0.446209</td>\n",
       "      <td>0.976744</td>\n",
       "      <td>0.929381</td>\n",
       "      <td>0.362718</td>\n",
       "      <td>0.028871</td>\n",
       "      <td>unstable</td>\n",
       "    </tr>\n",
       "    <tr>\n",
       "      <th>4</th>\n",
       "      <td>3.134112</td>\n",
       "      <td>7.608772</td>\n",
       "      <td>4.943759</td>\n",
       "      <td>9.857573</td>\n",
       "      <td>3.525811</td>\n",
       "      <td>-1.125531</td>\n",
       "      <td>-1.845975</td>\n",
       "      <td>-0.554305</td>\n",
       "      <td>0.797110</td>\n",
       "      <td>0.455450</td>\n",
       "      <td>0.656947</td>\n",
       "      <td>0.820923</td>\n",
       "      <td>0.049860</td>\n",
       "      <td>unstable</td>\n",
       "    </tr>\n",
       "  </tbody>\n",
       "</table>\n",
       "</div>"
      ],
      "text/plain": [
       "       tau1      tau2      tau3      tau4        p1        p2        p3  \\\n",
       "0  2.959060  3.079885  8.381025  9.780754  3.763085 -0.782604 -1.257395   \n",
       "1  9.304097  4.902524  3.047541  1.369357  5.067812 -1.940058 -1.872742   \n",
       "2  8.971707  8.848428  3.046479  1.214518  3.405158 -1.207456 -1.277210   \n",
       "3  0.716415  7.669600  4.486641  2.340563  3.963791 -1.027473 -1.938944   \n",
       "4  3.134112  7.608772  4.943759  9.857573  3.525811 -1.125531 -1.845975   \n",
       "\n",
       "         p4        g1        g2        g3        g4      stab     stabf  \n",
       "0 -1.723086  0.650456  0.859578  0.887445  0.958034  0.055347  unstable  \n",
       "1 -1.255012  0.413441  0.862414  0.562139  0.781760 -0.005957    stable  \n",
       "2 -0.920492  0.163041  0.766689  0.839444  0.109853  0.003471  unstable  \n",
       "3 -0.997374  0.446209  0.976744  0.929381  0.362718  0.028871  unstable  \n",
       "4 -0.554305  0.797110  0.455450  0.656947  0.820923  0.049860  unstable  "
      ]
     },
     "execution_count": 4,
     "metadata": {},
     "output_type": "execute_result"
    }
   ],
   "source": [
    "# display first five rows of the dataset\n",
    "df.head(5)"
   ]
  },
  {
   "cell_type": "code",
   "execution_count": 5,
   "metadata": {},
   "outputs": [
    {
     "name": "stdout",
     "output_type": "stream",
     "text": [
      "<class 'pandas.core.frame.DataFrame'>\n",
      "RangeIndex: 10000 entries, 0 to 9999\n",
      "Data columns (total 14 columns):\n",
      " #   Column  Non-Null Count  Dtype  \n",
      "---  ------  --------------  -----  \n",
      " 0   tau1    10000 non-null  float64\n",
      " 1   tau2    10000 non-null  float64\n",
      " 2   tau3    10000 non-null  float64\n",
      " 3   tau4    10000 non-null  float64\n",
      " 4   p1      10000 non-null  float64\n",
      " 5   p2      10000 non-null  float64\n",
      " 6   p3      10000 non-null  float64\n",
      " 7   p4      10000 non-null  float64\n",
      " 8   g1      10000 non-null  float64\n",
      " 9   g2      10000 non-null  float64\n",
      " 10  g3      10000 non-null  float64\n",
      " 11  g4      10000 non-null  float64\n",
      " 12  stab    10000 non-null  float64\n",
      " 13  stabf   10000 non-null  object \n",
      "dtypes: float64(13), object(1)\n",
      "memory usage: 1.1+ MB\n"
     ]
    }
   ],
   "source": [
    "# get dataframe info\n",
    "df.info()"
   ]
  },
  {
   "cell_type": "code",
   "execution_count": 6,
   "metadata": {},
   "outputs": [
    {
     "data": {
      "text/plain": [
       "tau1     0\n",
       "tau2     0\n",
       "tau3     0\n",
       "tau4     0\n",
       "p1       0\n",
       "p2       0\n",
       "p3       0\n",
       "p4       0\n",
       "g1       0\n",
       "g2       0\n",
       "g3       0\n",
       "g4       0\n",
       "stab     0\n",
       "stabf    0\n",
       "dtype: int64"
      ]
     },
     "execution_count": 6,
     "metadata": {},
     "output_type": "execute_result"
    }
   ],
   "source": [
    "# check for null values\n",
    "df.isna().sum()"
   ]
  },
  {
   "cell_type": "code",
   "execution_count": 7,
   "metadata": {},
   "outputs": [
    {
     "data": {
      "text/html": [
       "<div>\n",
       "<style scoped>\n",
       "    .dataframe tbody tr th:only-of-type {\n",
       "        vertical-align: middle;\n",
       "    }\n",
       "\n",
       "    .dataframe tbody tr th {\n",
       "        vertical-align: top;\n",
       "    }\n",
       "\n",
       "    .dataframe thead th {\n",
       "        text-align: right;\n",
       "    }\n",
       "</style>\n",
       "<table border=\"1\" class=\"dataframe\">\n",
       "  <thead>\n",
       "    <tr style=\"text-align: right;\">\n",
       "      <th></th>\n",
       "      <th>tau1</th>\n",
       "      <th>tau2</th>\n",
       "      <th>tau3</th>\n",
       "      <th>tau4</th>\n",
       "      <th>p1</th>\n",
       "      <th>p2</th>\n",
       "      <th>p3</th>\n",
       "      <th>p4</th>\n",
       "      <th>g1</th>\n",
       "      <th>g2</th>\n",
       "      <th>g3</th>\n",
       "      <th>g4</th>\n",
       "      <th>stab</th>\n",
       "    </tr>\n",
       "  </thead>\n",
       "  <tbody>\n",
       "    <tr>\n",
       "      <th>tau1</th>\n",
       "      <td>1.000000</td>\n",
       "      <td>0.015586</td>\n",
       "      <td>-0.005970</td>\n",
       "      <td>-0.017265</td>\n",
       "      <td>0.027183</td>\n",
       "      <td>-0.015485</td>\n",
       "      <td>-0.015924</td>\n",
       "      <td>-0.015807</td>\n",
       "      <td>0.010521</td>\n",
       "      <td>0.015350</td>\n",
       "      <td>-0.001279</td>\n",
       "      <td>0.005494</td>\n",
       "      <td>0.275761</td>\n",
       "    </tr>\n",
       "    <tr>\n",
       "      <th>tau2</th>\n",
       "      <td>0.015586</td>\n",
       "      <td>1.000000</td>\n",
       "      <td>0.014273</td>\n",
       "      <td>-0.001965</td>\n",
       "      <td>-0.004769</td>\n",
       "      <td>0.006573</td>\n",
       "      <td>0.007673</td>\n",
       "      <td>-0.005963</td>\n",
       "      <td>-0.001742</td>\n",
       "      <td>0.015383</td>\n",
       "      <td>0.016508</td>\n",
       "      <td>-0.011764</td>\n",
       "      <td>0.290975</td>\n",
       "    </tr>\n",
       "    <tr>\n",
       "      <th>tau3</th>\n",
       "      <td>-0.005970</td>\n",
       "      <td>0.014273</td>\n",
       "      <td>1.000000</td>\n",
       "      <td>0.004354</td>\n",
       "      <td>0.016953</td>\n",
       "      <td>-0.003134</td>\n",
       "      <td>-0.008780</td>\n",
       "      <td>-0.017531</td>\n",
       "      <td>-0.011605</td>\n",
       "      <td>0.007671</td>\n",
       "      <td>0.014702</td>\n",
       "      <td>-0.011497</td>\n",
       "      <td>0.280700</td>\n",
       "    </tr>\n",
       "    <tr>\n",
       "      <th>tau4</th>\n",
       "      <td>-0.017265</td>\n",
       "      <td>-0.001965</td>\n",
       "      <td>0.004354</td>\n",
       "      <td>1.000000</td>\n",
       "      <td>-0.003173</td>\n",
       "      <td>0.010553</td>\n",
       "      <td>0.006169</td>\n",
       "      <td>-0.011211</td>\n",
       "      <td>-0.004149</td>\n",
       "      <td>0.008431</td>\n",
       "      <td>0.003260</td>\n",
       "      <td>-0.000491</td>\n",
       "      <td>0.278576</td>\n",
       "    </tr>\n",
       "    <tr>\n",
       "      <th>p1</th>\n",
       "      <td>0.027183</td>\n",
       "      <td>-0.004769</td>\n",
       "      <td>0.016953</td>\n",
       "      <td>-0.003173</td>\n",
       "      <td>1.000000</td>\n",
       "      <td>-0.573157</td>\n",
       "      <td>-0.584554</td>\n",
       "      <td>-0.579239</td>\n",
       "      <td>0.000721</td>\n",
       "      <td>0.015405</td>\n",
       "      <td>0.001069</td>\n",
       "      <td>-0.015451</td>\n",
       "      <td>0.010278</td>\n",
       "    </tr>\n",
       "    <tr>\n",
       "      <th>p2</th>\n",
       "      <td>-0.015485</td>\n",
       "      <td>0.006573</td>\n",
       "      <td>-0.003134</td>\n",
       "      <td>0.010553</td>\n",
       "      <td>-0.573157</td>\n",
       "      <td>1.000000</td>\n",
       "      <td>0.002388</td>\n",
       "      <td>-0.006844</td>\n",
       "      <td>0.015603</td>\n",
       "      <td>-0.018032</td>\n",
       "      <td>0.007555</td>\n",
       "      <td>0.019817</td>\n",
       "      <td>0.006255</td>\n",
       "    </tr>\n",
       "    <tr>\n",
       "      <th>p3</th>\n",
       "      <td>-0.015924</td>\n",
       "      <td>0.007673</td>\n",
       "      <td>-0.008780</td>\n",
       "      <td>0.006169</td>\n",
       "      <td>-0.584554</td>\n",
       "      <td>0.002388</td>\n",
       "      <td>1.000000</td>\n",
       "      <td>0.012953</td>\n",
       "      <td>-0.003219</td>\n",
       "      <td>-0.011575</td>\n",
       "      <td>-0.005897</td>\n",
       "      <td>-0.010485</td>\n",
       "      <td>-0.003321</td>\n",
       "    </tr>\n",
       "    <tr>\n",
       "      <th>p4</th>\n",
       "      <td>-0.015807</td>\n",
       "      <td>-0.005963</td>\n",
       "      <td>-0.017531</td>\n",
       "      <td>-0.011211</td>\n",
       "      <td>-0.579239</td>\n",
       "      <td>-0.006844</td>\n",
       "      <td>0.012953</td>\n",
       "      <td>1.000000</td>\n",
       "      <td>-0.013636</td>\n",
       "      <td>0.002850</td>\n",
       "      <td>-0.003515</td>\n",
       "      <td>0.017505</td>\n",
       "      <td>-0.020786</td>\n",
       "    </tr>\n",
       "    <tr>\n",
       "      <th>g1</th>\n",
       "      <td>0.010521</td>\n",
       "      <td>-0.001742</td>\n",
       "      <td>-0.011605</td>\n",
       "      <td>-0.004149</td>\n",
       "      <td>0.000721</td>\n",
       "      <td>0.015603</td>\n",
       "      <td>-0.003219</td>\n",
       "      <td>-0.013636</td>\n",
       "      <td>1.000000</td>\n",
       "      <td>0.007559</td>\n",
       "      <td>-0.005836</td>\n",
       "      <td>0.012431</td>\n",
       "      <td>0.282774</td>\n",
       "    </tr>\n",
       "    <tr>\n",
       "      <th>g2</th>\n",
       "      <td>0.015350</td>\n",
       "      <td>0.015383</td>\n",
       "      <td>0.007671</td>\n",
       "      <td>0.008431</td>\n",
       "      <td>0.015405</td>\n",
       "      <td>-0.018032</td>\n",
       "      <td>-0.011575</td>\n",
       "      <td>0.002850</td>\n",
       "      <td>0.007559</td>\n",
       "      <td>1.000000</td>\n",
       "      <td>-0.012809</td>\n",
       "      <td>-0.014909</td>\n",
       "      <td>0.293601</td>\n",
       "    </tr>\n",
       "    <tr>\n",
       "      <th>g3</th>\n",
       "      <td>-0.001279</td>\n",
       "      <td>0.016508</td>\n",
       "      <td>0.014702</td>\n",
       "      <td>0.003260</td>\n",
       "      <td>0.001069</td>\n",
       "      <td>0.007555</td>\n",
       "      <td>-0.005897</td>\n",
       "      <td>-0.003515</td>\n",
       "      <td>-0.005836</td>\n",
       "      <td>-0.012809</td>\n",
       "      <td>1.000000</td>\n",
       "      <td>0.006900</td>\n",
       "      <td>0.308235</td>\n",
       "    </tr>\n",
       "    <tr>\n",
       "      <th>g4</th>\n",
       "      <td>0.005494</td>\n",
       "      <td>-0.011764</td>\n",
       "      <td>-0.011497</td>\n",
       "      <td>-0.000491</td>\n",
       "      <td>-0.015451</td>\n",
       "      <td>0.019817</td>\n",
       "      <td>-0.010485</td>\n",
       "      <td>0.017505</td>\n",
       "      <td>0.012431</td>\n",
       "      <td>-0.014909</td>\n",
       "      <td>0.006900</td>\n",
       "      <td>1.000000</td>\n",
       "      <td>0.279214</td>\n",
       "    </tr>\n",
       "    <tr>\n",
       "      <th>stab</th>\n",
       "      <td>0.275761</td>\n",
       "      <td>0.290975</td>\n",
       "      <td>0.280700</td>\n",
       "      <td>0.278576</td>\n",
       "      <td>0.010278</td>\n",
       "      <td>0.006255</td>\n",
       "      <td>-0.003321</td>\n",
       "      <td>-0.020786</td>\n",
       "      <td>0.282774</td>\n",
       "      <td>0.293601</td>\n",
       "      <td>0.308235</td>\n",
       "      <td>0.279214</td>\n",
       "      <td>1.000000</td>\n",
       "    </tr>\n",
       "  </tbody>\n",
       "</table>\n",
       "</div>"
      ],
      "text/plain": [
       "          tau1      tau2      tau3      tau4        p1        p2        p3  \\\n",
       "tau1  1.000000  0.015586 -0.005970 -0.017265  0.027183 -0.015485 -0.015924   \n",
       "tau2  0.015586  1.000000  0.014273 -0.001965 -0.004769  0.006573  0.007673   \n",
       "tau3 -0.005970  0.014273  1.000000  0.004354  0.016953 -0.003134 -0.008780   \n",
       "tau4 -0.017265 -0.001965  0.004354  1.000000 -0.003173  0.010553  0.006169   \n",
       "p1    0.027183 -0.004769  0.016953 -0.003173  1.000000 -0.573157 -0.584554   \n",
       "p2   -0.015485  0.006573 -0.003134  0.010553 -0.573157  1.000000  0.002388   \n",
       "p3   -0.015924  0.007673 -0.008780  0.006169 -0.584554  0.002388  1.000000   \n",
       "p4   -0.015807 -0.005963 -0.017531 -0.011211 -0.579239 -0.006844  0.012953   \n",
       "g1    0.010521 -0.001742 -0.011605 -0.004149  0.000721  0.015603 -0.003219   \n",
       "g2    0.015350  0.015383  0.007671  0.008431  0.015405 -0.018032 -0.011575   \n",
       "g3   -0.001279  0.016508  0.014702  0.003260  0.001069  0.007555 -0.005897   \n",
       "g4    0.005494 -0.011764 -0.011497 -0.000491 -0.015451  0.019817 -0.010485   \n",
       "stab  0.275761  0.290975  0.280700  0.278576  0.010278  0.006255 -0.003321   \n",
       "\n",
       "            p4        g1        g2        g3        g4      stab  \n",
       "tau1 -0.015807  0.010521  0.015350 -0.001279  0.005494  0.275761  \n",
       "tau2 -0.005963 -0.001742  0.015383  0.016508 -0.011764  0.290975  \n",
       "tau3 -0.017531 -0.011605  0.007671  0.014702 -0.011497  0.280700  \n",
       "tau4 -0.011211 -0.004149  0.008431  0.003260 -0.000491  0.278576  \n",
       "p1   -0.579239  0.000721  0.015405  0.001069 -0.015451  0.010278  \n",
       "p2   -0.006844  0.015603 -0.018032  0.007555  0.019817  0.006255  \n",
       "p3    0.012953 -0.003219 -0.011575 -0.005897 -0.010485 -0.003321  \n",
       "p4    1.000000 -0.013636  0.002850 -0.003515  0.017505 -0.020786  \n",
       "g1   -0.013636  1.000000  0.007559 -0.005836  0.012431  0.282774  \n",
       "g2    0.002850  0.007559  1.000000 -0.012809 -0.014909  0.293601  \n",
       "g3   -0.003515 -0.005836 -0.012809  1.000000  0.006900  0.308235  \n",
       "g4    0.017505  0.012431 -0.014909  0.006900  1.000000  0.279214  \n",
       "stab -0.020786  0.282774  0.293601  0.308235  0.279214  1.000000  "
      ]
     },
     "execution_count": 7,
     "metadata": {},
     "output_type": "execute_result"
    }
   ],
   "source": [
    "# check for correlations\n",
    "df.corr()"
   ]
  },
  {
   "cell_type": "code",
   "execution_count": 8,
   "metadata": {},
   "outputs": [
    {
     "data": {
      "text/plain": [
       "unstable    6380\n",
       "stable      3620\n",
       "Name: stabf, dtype: int64"
      ]
     },
     "execution_count": 8,
     "metadata": {},
     "output_type": "execute_result"
    }
   ],
   "source": [
    "# check values\n",
    "df['stabf'].value_counts()"
   ]
  },
  {
   "cell_type": "code",
   "execution_count": 9,
   "metadata": {},
   "outputs": [],
   "source": [
    "# get training datasets\n",
    "x = df.drop(columns=['stab'],axis=0)\n",
    "y = df['stabf']"
   ]
  },
  {
   "cell_type": "code",
   "execution_count": 10,
   "metadata": {},
   "outputs": [
    {
     "data": {
      "text/plain": [
       "unstable    5092\n",
       "stable      2908\n",
       "Name: stabf, dtype: int64"
      ]
     },
     "execution_count": 10,
     "metadata": {},
     "output_type": "execute_result"
    }
   ],
   "source": [
    "# split dataset\n",
    "from sklearn.model_selection import train_test_split\n",
    "x_train, x_test, y_train, y_test = train_test_split(x,y,test_size=0.2,random_state=1)\n",
    "\n",
    "# check\n",
    "y_train.value_counts()"
   ]
  },
  {
   "cell_type": "code",
   "execution_count": 11,
   "metadata": {},
   "outputs": [],
   "source": [
    "# encode categorical data\n",
    "def encode(x_data,y_data):\n",
    "    from sklearn.preprocessing import LabelEncoder\n",
    "    encoder = LabelEncoder()\n",
    "    x_data = encoder.fit_transform(x_data)\n",
    "    y_data = encoder.transform(y_data)\n",
    "    return x_data,y_data"
   ]
  },
  {
   "cell_type": "code",
   "execution_count": 25,
   "metadata": {},
   "outputs": [],
   "source": [
    "# imbalance\n",
    "def balance(x,y):\n",
    "    import imblearn\n",
    "    from imblearn.over_sampling import SMOTE\n",
    "    smote = SMOTE(random_state=1)\n",
    "    x_train_balanced,y_train_balanced = smote.fit_sample(x,y)\n",
    "    return x,y"
   ]
  },
  {
   "cell_type": "code",
   "execution_count": 28,
   "metadata": {},
   "outputs": [],
   "source": [
    "# function to normalize\n",
    "def normalize(train,test,method='Standard',col=''):  \n",
    "    if(col==''): return\n",
    "    from sklearn.preprocessing import MinMaxScaler\n",
    "    scaler = MinMaxScaler()\n",
    "    #\n",
    "    if(method == 'Standard'):\n",
    "        from sklearn.preprocessing import StandardScaler\n",
    "        scaler = StandardScaler()\n",
    "    # normalize\n",
    "    norm_train_df = scaler.fit_transform(train.drop(columns=[col]))\n",
    "    norm_test_df  = scaler.transform(test.drop(columns=[col]))\n",
    "    # get normalized dataframes\n",
    "    norm_train_df = pd.DataFrame(norm_train_df,columns=train.drop(columns=[col]).columns)\n",
    "    norm_test_df  = pd.DataFrame(norm_test_df,columns=test.drop(columns=[col]).columns)\n",
    "    # \n",
    "    norm_train_df[col] = train[col]\n",
    "    norm_test_df[col]  = test[col]\n",
    "    return norm_train_df,norm_test_df"
   ]
  },
  {
   "cell_type": "code",
   "execution_count": 29,
   "metadata": {},
   "outputs": [
    {
     "ename": "ModuleNotFoundError",
     "evalue": "No module named 'imblearn'",
     "output_type": "error",
     "traceback": [
      "\u001b[1;31m---------------------------------------------------------------------------\u001b[0m",
      "\u001b[1;31mModuleNotFoundError\u001b[0m                       Traceback (most recent call last)",
      "\u001b[1;32m<ipython-input-29-cf14cd1f1fb4>\u001b[0m in \u001b[0;36m<module>\u001b[1;34m\u001b[0m\n\u001b[0;32m      1\u001b[0m \u001b[0mx_train\u001b[0m\u001b[1;33m.\u001b[0m\u001b[0mstabf\u001b[0m\u001b[1;33m,\u001b[0m\u001b[0mx_test\u001b[0m\u001b[1;33m.\u001b[0m\u001b[0mstabf\u001b[0m \u001b[1;33m=\u001b[0m \u001b[0mencode\u001b[0m\u001b[1;33m(\u001b[0m\u001b[0mx_train\u001b[0m\u001b[1;33m.\u001b[0m\u001b[0mstabf\u001b[0m\u001b[1;33m,\u001b[0m\u001b[0mx_test\u001b[0m\u001b[1;33m.\u001b[0m\u001b[0mstabf\u001b[0m\u001b[1;33m)\u001b[0m\u001b[1;33m\u001b[0m\u001b[1;33m\u001b[0m\u001b[0m\n\u001b[1;32m----> 2\u001b[1;33m \u001b[0mx_train_bal\u001b[0m\u001b[1;33m,\u001b[0m\u001b[0my_train_bal\u001b[0m \u001b[1;33m=\u001b[0m \u001b[0mbalance\u001b[0m\u001b[1;33m(\u001b[0m\u001b[0mx_train\u001b[0m\u001b[1;33m,\u001b[0m\u001b[0my_train\u001b[0m\u001b[1;33m)\u001b[0m\u001b[1;33m\u001b[0m\u001b[1;33m\u001b[0m\u001b[0m\n\u001b[0m\u001b[0;32m      3\u001b[0m \u001b[0mx_test\u001b[0m\u001b[1;33m.\u001b[0m\u001b[0mreset_index\u001b[0m\u001b[1;33m(\u001b[0m\u001b[0mdrop\u001b[0m\u001b[1;33m=\u001b[0m\u001b[1;32mTrue\u001b[0m\u001b[1;33m)\u001b[0m\u001b[1;33m\u001b[0m\u001b[1;33m\u001b[0m\u001b[0m\n\u001b[0;32m      4\u001b[0m \u001b[0mx_train\u001b[0m\u001b[1;33m,\u001b[0m \u001b[0mxtrest\u001b[0m \u001b[1;33m=\u001b[0m \u001b[0mnormalize\u001b[0m\u001b[1;33m(\u001b[0m\u001b[0mx_train\u001b[0m\u001b[1;33m,\u001b[0m\u001b[0mx_test\u001b[0m\u001b[1;33m,\u001b[0m\u001b[0mmethod\u001b[0m\u001b[1;33m=\u001b[0m\u001b[1;34m'Standard'\u001b[0m\u001b[1;33m,\u001b[0m\u001b[0mcol\u001b[0m\u001b[1;33m=\u001b[0m\u001b[1;34m'stabf'\u001b[0m\u001b[1;33m)\u001b[0m\u001b[1;33m\u001b[0m\u001b[1;33m\u001b[0m\u001b[0m\n",
      "\u001b[1;32m<ipython-input-25-3825ea336dab>\u001b[0m in \u001b[0;36mbalance\u001b[1;34m(x, y)\u001b[0m\n\u001b[0;32m      1\u001b[0m \u001b[1;31m# imbalance\u001b[0m\u001b[1;33m\u001b[0m\u001b[1;33m\u001b[0m\u001b[1;33m\u001b[0m\u001b[0m\n\u001b[0;32m      2\u001b[0m \u001b[1;32mdef\u001b[0m \u001b[0mbalance\u001b[0m\u001b[1;33m(\u001b[0m\u001b[0mx\u001b[0m\u001b[1;33m,\u001b[0m\u001b[0my\u001b[0m\u001b[1;33m)\u001b[0m\u001b[1;33m:\u001b[0m\u001b[1;33m\u001b[0m\u001b[1;33m\u001b[0m\u001b[0m\n\u001b[1;32m----> 3\u001b[1;33m     \u001b[1;32mimport\u001b[0m \u001b[0mimblearn\u001b[0m\u001b[1;33m\u001b[0m\u001b[1;33m\u001b[0m\u001b[0m\n\u001b[0m\u001b[0;32m      4\u001b[0m     \u001b[1;32mfrom\u001b[0m \u001b[0mimblearn\u001b[0m\u001b[1;33m.\u001b[0m\u001b[0mover_sampling\u001b[0m \u001b[1;32mimport\u001b[0m \u001b[0mSMOTE\u001b[0m\u001b[1;33m\u001b[0m\u001b[1;33m\u001b[0m\u001b[0m\n\u001b[0;32m      5\u001b[0m     \u001b[0msmote\u001b[0m \u001b[1;33m=\u001b[0m \u001b[0mSMOTE\u001b[0m\u001b[1;33m(\u001b[0m\u001b[0mrandom_state\u001b[0m\u001b[1;33m=\u001b[0m\u001b[1;36m1\u001b[0m\u001b[1;33m)\u001b[0m\u001b[1;33m\u001b[0m\u001b[1;33m\u001b[0m\u001b[0m\n",
      "\u001b[1;31mModuleNotFoundError\u001b[0m: No module named 'imblearn'"
     ]
    }
   ],
   "source": [
    "x_train.stabf,x_test.stabf = encode(x_train.stabf,x_test.stabf)\n",
    "x_train_bal,y_train_bal = balance(x_train,y_train)\n",
    "x_test.reset_index(drop=True)\n",
    "x_train, xtrest = normalize(x_train,x_test,method='Standard',col='stabf')"
   ]
  },
  {
   "cell_type": "code",
   "execution_count": null,
   "metadata": {},
   "outputs": [],
   "source": []
  },
  {
   "cell_type": "code",
   "execution_count": null,
   "metadata": {},
   "outputs": [],
   "source": []
  },
  {
   "cell_type": "code",
   "execution_count": null,
   "metadata": {},
   "outputs": [],
   "source": []
  },
  {
   "cell_type": "code",
   "execution_count": null,
   "metadata": {},
   "outputs": [],
   "source": []
  },
  {
   "cell_type": "code",
   "execution_count": null,
   "metadata": {},
   "outputs": [],
   "source": []
  },
  {
   "cell_type": "code",
   "execution_count": null,
   "metadata": {},
   "outputs": [],
   "source": []
  },
  {
   "cell_type": "code",
   "execution_count": null,
   "metadata": {},
   "outputs": [],
   "source": []
  },
  {
   "cell_type": "code",
   "execution_count": null,
   "metadata": {},
   "outputs": [],
   "source": []
  },
  {
   "cell_type": "code",
   "execution_count": null,
   "metadata": {},
   "outputs": [],
   "source": []
  },
  {
   "cell_type": "code",
   "execution_count": null,
   "metadata": {},
   "outputs": [],
   "source": []
  },
  {
   "cell_type": "code",
   "execution_count": null,
   "metadata": {},
   "outputs": [],
   "source": []
  }
 ],
 "metadata": {
  "kernelspec": {
   "display_name": "Python 3",
   "language": "python",
   "name": "python3"
  },
  "language_info": {
   "codemirror_mode": {
    "name": "ipython",
    "version": 3
   },
   "file_extension": ".py",
   "mimetype": "text/x-python",
   "name": "python",
   "nbconvert_exporter": "python",
   "pygments_lexer": "ipython3",
   "version": "3.7.6"
  }
 },
 "nbformat": 4,
 "nbformat_minor": 4
}
